1 21 22
2 21 24
3 23 27
4 26 29
5 29 31
6 31 31
7 33 31
8 36 32
9 36 34
10 38 36
11 39 40
12 39 43
13 40 46
14 43 47
15 45 46
16 44 46
17 48 43
18 55 43
19 62 41
20 64 41
21 67 39
22 69 39
23 78 42
24 91 41
25 96 40
26 98 43
27 100 47
28 102 54
29 105 56
30 113 57
31 114 59
32 114 66
33 121 68
34 126 69
35 133 68
36 145 70
37 157 73
38 169 76
39 183 85
40 194 92
41 203 103
42 211 107
43 216 109
44 214 109
45 225 113
46 224 116
47 233 118
48 241 115
49 244 115
50 249 119
51 262 117
52 268 119
53 262 126
54 254 130
55 260 131
56 269 131
57 279 133
58 265 133
59 254 118
60 236 115
61 235 112
62 216 109
63 218 108
64 205 102
65 207 97
66 200 84
67 203 81
68 206 81
69 192 72
70 182 71
71 181 68
72 182 69
73 171 71
74 157 62
75 157 58
76 161 60
77 164 52
78 172 45
79 176 44
80 180 39
81 184 37
82 193 34
83 203 30
84 212 33
85 219 29
86 229 26
87 246 25
88 253 26
89 258 30
90 252 29
91 249 22
92 239 20
93 237 19
94 236 19
95 227 17
96 224 18
97 222 20
98 214 19
99 210 18
100 215 18
